003
004
005
006
007
008
009
012
014
015
016
018
019
020
022
024
025
026
027
028
030
031
033
035
036
038
039
040
041
043
044
045
046
047
049
050
054
055
056
058
060
061
063
064
065
066
067
070
071
072
074
076
080
081
082
085
086
092
097
103
106
109
113
118
119
128
138
139
145
147
150
151
152
153
161
164
165
170
178
180
183
185
186
188
198
199
201
202
203
205
206
210
214
218
220
221
222
224
227
229
230
233
235
236
237
238
239
241
242
243
245
248
250
251
256
257
258
259
260
261
262
263
264
265
266
267
268
269
271
272
273
274
275
276
277
278
307
308
309
313
316
320
324
337
338
339
341
342
344
345
350
353
357
368
371
374
377
378
379
381
382
383
385
386
387
388
389
390
391
392
393
395
868
929
931
934
935
948
949
952
954
955
9999
99999
SIB